//Golden Spike Saved Game: assets\data\saved1.dat
//****************************************************
//miscellaneous game variables
******************************
back_color, 0, 0, 0
landscape, 2
world, 0, 0, 24000, 24000
position, 0, 3305
start, 0, 2299
end, 23560, 18791
scale, 0.125
time, 1763

//track data
track, 21, 0, 2294
track, 21, 62, 2294
track, 21, 124, 2294
track, 21, 186, 2294
track, 21, 248, 2294
track, 21, 310, 2294
track, 21, 23560, 18786
track, 21, 23622, 18786
track, 21, 23684, 18786
track, 21, 23746, 18786
track, 21, 23808, 18786
track, 21, 23870, 18786
track, 21, 23932, 18786
track, 21, 23994, 18786
track, 21, 0, 2294
track, 21, 62, 2294
track, 21, 124, 2294
track, 21, 186, 2294
track, 21, 248, 2294
track, 21, 310, 2294
track, 21, 23622, 18786
track, 21, 23684, 18786
track, 21, 23746, 18786
track, 21, 23808, 18786
track, 21, 23870, 18786
track, 21, 23932, 18786
track, 21, 23994, 18786
track, 21, 0, 2294
track, 21, 62, 2294
track, 21, 124, 2294
track, 21, 186, 2294
track, 21, 248, 2294
track, 21, 310, 2294
track, 21, 23622, 18786
track, 21, 23684, 18786
track, 21, 23746, 18786
track, 21, 23808, 18786
track, 21, 23870, 18786
track, 21, 23932, 18786
track, 21, 23994, 18786
track, 21, 0, 2294
track, 21, 62, 2294
track, 21, 124, 2294
track, 21, 186, 2294
track, 21, 248, 2294
track, 21, 310, 2294
track, 21, 23622, 18786
track, 21, 23684, 18786
track, 21, 23746, 18786
track, 21, 23808, 18786
track, 21, 23870, 18786
track, 21, 23932, 18786
track, 21, 23994, 18786
track, 21, 372, 2294
track, 21, 434, 2294
track, 21, 496, 2294
track, 21, 558, 2294
track, 21, 620, 2294
track, 21, 682, 2294
track, 21, 744, 2294
track, 21, 806, 2294
track, 21, 868, 2294
track, 21, 930, 2294
track, 21, 992, 2294
track, 21, 1054, 2294
track, 21, 1116, 2294
track, 21, 1178, 2294
track, 21, 1240, 2294
track, 21, 1302, 2294
track, 21, 1364, 2294
track, 21, 1426, 2294
track, 21, 1488, 2294
track, 21, 1550, 2294
track, 21, 1612, 2294
track, 21, 1674, 2294
track, 21, 1736, 2294
track, 21, 1798, 2294
track, 21, 1860, 2294
track, 21, 1922, 2294
track, 21, 1984, 2294
track, 21, 2046, 2294
track, 21, 2108, 2294
track, 21, 2170, 2294
track, 21, 2232, 2294
track, 21, 2294, 2294
track, 21, 2356, 2294
track, 21, 2418, 2294
track, 21, 2480, 2294
track, 21, 2542, 2294
track, 21, 2604, 2294
track, 21, 2666, 2294
track, 21, 2728, 2294
track, 21, 2790, 2294
track, 18, 2852, 2294
track, 22, 3038, 2542
track, 22, 3038, 2604
track, 22, 3038, 2666
track, 22, 3038, 2728
track, 22, 3038, 2790
track, 22, 3038, 2852
track, 22, 3038, 2914
track, 22, 3038, 2976
track, 22, 3038, 3038
track, 22, 3038, 3100
track, 22, 3038, 3162
track, 22, 3038, 3224
track, 22, 3038, 3286
track, 22, 3038, 3348
track, 22, 3038, 3410
track, 22, 3038, 3472
track, 22, 3038, 3534
track, 22, 3038, 3596
track, 22, 3038, 3658
track, 22, 3038, 3720
track, 22, 3038, 3782
track, 22, 3038, 3844
track, 22, 3038, 3906
track, 22, 3038, 3968
track, 22, 3038, 4030
track, 22, 3038, 4092
track, 22, 3038, 4154
track, 22, 3038, 4216
track, 22, 3038, 4278
track, 22, 3038, 4340
track, 22, 3038, 4402
track, 22, 3038, 4464
track, 22, 3038, 4526
track, 22, 3038, 4588
track, 22, 3038, 4650
track, 22, 3038, 4712
track, 22, 3038, 4774
track, 22, 3038, 4836
track, 22, 3038, 4898
track, 22, 3038, 4960
track, 22, 3038, 5022

//hill data
hill, 32, 3348, 0, 0, 1
hill, 31, 3348, 496, 1.57, 1
hill, 30, 2852, 496, 1.57, 1
hill, 33, 2852, 992, 1.57, 1
hill, 33, 3348, 992, 1.57, 1
hill, 33, 3348, 1488, 3.14, 1
hill, 32, 2852, 1488, 4.71, 1
hill, 33, 3844, 1488, 3.14, 1
hill, 30, 4340, 1922, 0, 1
hill, 32, 3844, 2232, 4.71, 1
hill, 32, 4340, 2418, 4.71, 1
hill, 31, 4340, 2914, 1.57, 1
hill, 30, 3844, 2728, 0, 1
hill, 32, 3844, 3224, 0, 1
hill, 32, 4340, 3410, 3.14, 1
hill, 33, 4836, 2170, 4.71, 1
hill, 33, 4836, 2666, 4.71, 1
hill, 33, 4836, 3162, 3.14, 1
hill, 31, 4836, 3658, 4.71, 1
hill, 31, 5332, 3410, 3.14, 1
hill, 33, 5332, 3906, 4.71, 1
hill, 31, 5332, 4402, 4.71, 1
hill, 33, 5828, 3410, 4.71, 1
hill, 31, 5828, 3906, 4.71, 1
hill, 31, 6324, 3906, 4.71, 1
hill, 31, 6324, 3410, 0, 1
hill, 32, 3844, 992, 0, 1
hill, 31, 4340, 1488, 4.71, 1
hill, 30, 6820, 3658, 4.71, 1
hill, 32, 7316, 3658, 4.71, 1
hill, 32, 7316, 3658, 4.71, 1
hill, 32, 6820, 4154, 3.14, 1
hill, 32, 7316, 4154, 4.71, 1
hill, 31, 6820, 4650, 0, 1
hill, 30, 6820, 5146, 0, 1
hill, 30, 6324, 4402, 0, 1
hill, 33, 7316, 5146, 4.71, 1
hill, 32, 7812, 5146, 4.71, 1
hill, 33, 7316, 5642, 0, 1
hill, 32, 7812, 5642, 4.71, 1
hill, 33, 7812, 6138, 4.71, 1
hill, 30, 8308, 5642, 3.14, 1
hill, 31, 8804, 5642, 3.14, 1
hill, 30, 9300, 5642, 3.14, 1
hill, 33, 9300, 5642, 3.14, 1
hill, 33, 9796, 5642, 4.71, 1
hill, 31, 9300, 6138, 3.14, 1
hill, 32, 9796, 6138, 3.14, 1
hill, 32, 8804, 6138, 3.14, 1
hill, 33, 9300, 6634, 3.14, 1
hill, 30, 8804, 6634, 4.71, 1
hill, 32, 9796, 6634, 4.71, 1
hill, 30, 9982, 1116, 3.14, 1
hill, 30, 9982, 1612, 4.71, 1
hill, 31, 9982, 2108, 0, 1
hill, 30, 10478, 2108, 0, 1
hill, 33, 10478, 1612, 4.71, 1
hill, 30, 10478, 1116, 0, 1
hill, 30, 10974, 1612, 0, 1
hill, 31, 11470, 1612, 4.71, 1
hill, 32, 10974, 2108, 0, 1
hill, 31, 11470, 2108, 4.71, 1
hill, 33, 10974, 2604, 0, 1
hill, 32, 11470, 2604, 4.71, 1
hill, 32, 10478, 2604, 0, 1
hill, 30, 9982, 2604, 0, 1
hill, 30, 9548, 1116, 0, 1
hill, 33, 9486, 1612, 4.71, 1
hill, 33, 9486, 2108, 4.71, 1
hill, 30, 10974, 1116, 4.71, 1
hill, 31, 10974, 620, 4.71, 1
hill, 30, 10974, 124, 4.71, 1
hill, 33, 11470, 0, 0, 1
hill, 33, 11470, 496, 0, 1
hill, 31, 8866, 0, 0, 1
hill, 32, 8866, 496, 0, 1
hill, 31, 9362, 496, 4.71, 1
hill, 31, 9362, 0, 3.14, 1
hill, 32, 10230, 372, 4.71, 1
hill, 31, 10230, 372, 4.71, 1
hill, 30, 4340, 992, 3.14, 1
hill, 33, 4836, 992, 3.14, 1
hill, 33, 5332, 992, 4.71, 1
hill, 30, 5828, 992, 0, 1
hill, 31, 6324, 992, 1.57, 1
hill, 33, 5828, 1488, 1.57, 1
hill, 30, 6324, 1488, 0, 1
hill, 32, 6820, 496, 0, 1
hill, 33, 7316, 496, 0, 1
hill, 30, 6820, 992, 1.57, 1
hill, 30, 7316, 992, 1.57, 1
hill, 30, 7316, 992, 1.57, 1
hill, 31, 7812, 992, 1.57, 1
hill, 31, 7812, 1488, 0, 1
hill, 32, 9982, 3100, 3.14, 1
hill, 33, 9982, 3596, 0, 1
hill, 31, 9982, 4092, 1.57, 1
hill, 31, 9982, 4588, 1.57, 1
hill, 33, 9982, 5084, 0, 1
hill, 33, 10478, 5084, 1.57, 1
hill, 33, 10478, 4588, 1.57, 1
hill, 32, 10478, 4092, 0, 1
hill, 33, 10478, 3100, 3.14, 1
hill, 30, 10478, 3596, 4.71, 1
hill, 30, 10974, 3596, 4.71, 1
hill, 32, 10974, 4092, 3.14, 1
hill, 32, 10974, 4588, 0, 1
hill, 30, 10974, 5084, 1.57, 1
hill, 30, 10974, 5580, 0, 1
hill, 32, 11470, 5580, 1.57, 1
hill, 31, 11966, 5580, 1.57, 1
hill, 31, 11966, 5580, 1.57, 1
hill, 32, 11470, 6076, 3.14, 1
hill, 31, 11966, 6076, 0, 1
hill, 31, 11470, 6572, 1.57, 1
hill, 30, 11532, 6572, 1.57, 1
hill, 32, 11966, 7068, 0, 1
hill, 32, 12462, 7068, 0, 1
hill, 30, 12958, 7068, 1.57, 1
hill, 32, 11966, 7564, 3.14, 1
hill, 33, 12462, 7564, 4.71, 1
hill, 32, 12462, 8060, 4.71, 1
hill, 31, 11966, 8060, 3.14, 1
hill, 32, 12958, 7564, 4.71, 1
hill, 33, 11470, 7068, 3.14, 1
hill, 33, 10354, 6882, 3.14, 1
hill, 30, 10850, 7378, 3.14, 1
hill, 30, 10354, 7378, 4.71, 1
hill, 33, 10354, 7874, 4.71, 1
hill, 32, 15500, 0, 3.14, 1
hill, 32, 15500, 496, 4.71, 1
hill, 30, 15004, 496, 3.14, 1
hill, 33, 14508, 496, 4.71, 1
hill, 30, 14508, 992, 4.71, 1
hill, 32, 15004, 992, 3.14, 1
hill, 32, 15500, 992, 0, 1
hill, 32, 14508, 1488, 1.57, 1
hill, 33, 15004, 1488, 0, 1
hill, 31, 14508, 1984, 1.57, 1
hill, 31, 15004, 1984, 3.14, 1
hill, 32, 15500, 1984, 3.14, 1
hill, 30, 15500, 1488, 4.71, 1
hill, 30, 15996, 0, 4.71, 1
hill, 31, 16492, 0, 3.14, 1
hill, 32, 16988, 0, 4.71, 1
hill, 32, 11966, 0, 3.14, 1
hill, 33, 12462, 0, 4.71, 1
hill, 31, 12958, 0, 3.14, 1
hill, 33, 13454, 0, 4.71, 1
hill, 31, 11966, 496, 3.14, 1
hill, 30, 12462, 496, 0, 1
hill, 30, 12958, 496, 1.57, 1
hill, 31, 13950, 0, 4.71, 1
hill, 33, 14446, 0, 3.14, 1
hill, 30, 13702, 496, 4.71, 1
hill, 30, 12586, 1364, 3.14, 1
hill, 32, 13082, 1860, 4.71, 1
hill, 33, 12586, 1860, 4.71, 1
hill, 31, 13082, 2356, 0, 1
hill, 31, 13578, 2356, 1.57, 1
hill, 30, 13082, 2852, 1.57, 1
hill, 31, 13578, 2852, 0, 1
hill, 31, 14074, 3348, 0, 1
hill, 33, 14570, 3348, 1.57, 1
hill, 33, 14570, 3844, 1.57, 1
hill, 32, 15066, 3844, 0, 1
hill, 31, 14570, 4340, 3.14, 1
hill, 32, 15066, 4340, 4.71, 1
hill, 31, 14074, 4836, 3.14, 1
hill, 30, 14074, 5332, 3.14, 1
hill, 32, 14570, 4836, 3.14, 1
hill, 31, 15066, 4836, 4.71, 1
hill, 31, 14570, 5332, 0, 1
hill, 30, 19530, 16492, 0, 1
hill, 30, 20026, 16492, 0, 1
hill, 31, 20522, 16492, 1.57, 1
hill, 32, 21018, 16492, 0, 1
hill, 31, 19530, 16988, 1.57, 1
hill, 31, 19530, 17050, 1.57, 1
hill, 30, 20026, 16988, 0, 1
hill, 31, 20522, 16988, 1.57, 1
hill, 30, 20026, 17484, 3.14, 1
hill, 30, 19530, 17484, 4.71, 1
hill, 31, 20522, 17484, 3.14, 1
hill, 33, 21018, 16988, 4.71, 1
hill, 32, 21514, 16492, 0, 1
hill, 31, 22010, 16492, 1.57, 1
hill, 31, 22506, 16492, 0, 1
hill, 30, 19592, 15996, 0, 1
hill, 31, 19592, 15500, 1.57, 1
hill, 30, 19592, 15004, 1.57, 1
hill, 32, 20088, 15004, 1.57, 1
hill, 31, 20088, 15500, 0, 1
hill, 33, 20088, 15996, 1.57, 1
hill, 33, 17856, 21328, 1.57, 1
hill, 33, 17856, 21824, 0, 1
hill, 30, 17856, 22320, 3.14, 1
hill, 33, 18352, 21328, 4.71, 1
hill, 31, 18352, 21824, 0, 1
hill, 31, 18352, 22320, 1.57, 1
hill, 32, 10354, 8370, 0, 1
hill, 31, 10354, 8866, 1.57, 1
hill, 30, 10354, 9362, 0, 1
hill, 33, 10354, 9858, 1.57, 1
hill, 33, 10354, 10354, 0, 1
hill, 33, 10354, 10850, 1.57, 1
hill, 32, 10354, 11346, 0, 1
hill, 33, 10354, 11842, 1.57, 1
hill, 30, 10354, 12338, 0, 1
hill, 32, 10354, 12834, 0, 1
hill, 32, 10850, 12338, 1.57, 1
hill, 31, 11346, 12338, 0, 1
hill, 30, 10850, 12834, 0, 1
hill, 32, 10850, 11842, 1.57, 1
hill, 32, 11346, 12834, 0, 1
hill, 33, 11842, 12834, 1.57, 1
hill, 33, 10354, 13330, 3.14, 1
hill, 33, 10850, 13330, 4.71, 1
hill, 31, 11346, 13330, 4.71, 1
hill, 31, 10354, 13826, 0, 1
hill, 33, 10850, 14322, 0, 1
hill, 31, 11346, 14818, 1.57, 1
hill, 33, 11346, 14322, 0, 1
hill, 31, 0, 8618, 0, 1
hill, 31, 496, 8618, 0, 1
hill, 31, 992, 8618, 1.57, 1
hill, 32, 1488, 8618, 0, 1
hill, 31, 1984, 8618, 0, 1
hill, 30, 1984, 9114, 1.57, 1
hill, 32, 1488, 9114, 0, 1
hill, 32, 1488, 9610, 1.57, 1
hill, 32, 1984, 9610, 0, 1
hill, 32, 2480, 9114, 0, 1
hill, 31, 4960, 7006, 0, 1
hill, 30, 4960, 7502, 0, 1
hill, 30, 5456, 7502, 0, 1
hill, 33, 5456, 7006, 0, 1
hill, 32, 7874, 7502, 0, 1
hill, 33, 7874, 7998, 0, 1
hill, 32, 8370, 7502, 1.57, 1
hill, 33, 8370, 7998, 1.57, 1
hill, 30, 8370, 8494, 0, 1
hill, 31, 8866, 7998, 1.57, 1
hill, 30, 8866, 8494, 0, 1
hill, 33, 8866, 8990, 1.57, 1
hill, 33, 9362, 8494, 1.57, 1
hill, 31, 6262, 10912, 0, 1
hill, 32, 6262, 11408, 0, 1
hill, 32, 6262, 11904, 1.57, 1
hill, 33, 6758, 11408, 3.14, 1
hill, 30, 6758, 10912, 4.71, 1
hill, 32, 6758, 11842, 0, 1
hill, 30, 7254, 10912, 1.57, 1
hill, 30, 6820, 15624, 0, 1
hill, 31, 7316, 15624, 0, 1
hill, 30, 7316, 16120, 0, 1
hill, 33, 6820, 16120, 1.57, 1
hill, 30, 6820, 16616, 1.57, 1
hill, 30, 7316, 16616, 0, 1
hill, 31, 17608, 6634, 0, 1
hill, 32, 17608, 7130, 0, 1
hill, 31, 17608, 7626, 0, 1
hill, 33, 17608, 8122, 0, 1
hill, 32, 18104, 6634, 1.57, 1
hill, 32, 18104, 7130, 1.57, 1
hill, 30, 18104, 7626, 0, 1
hill, 30, 18600, 8122, 0, 1
hill, 33, 18104, 8122, 1.57, 1
hill, 33, 18104, 8618, 1.57, 1
hill, 30, 18600, 8618, 0, 1
hill, 31, 19096, 8618, 0, 1
hill, 30, 19096, 8122, 1.57, 1
hill, 33, 18600, 6634, 1.57, 1
hill, 33, 19096, 6634, 0, 1
hill, 31, 19096, 6138, 1.57, 1
hill, 32, 19096, 5642, 1.57, 1
hill, 31, 19592, 5642, 0, 1
hill, 31, 19592, 6138, 0, 1
hill, 32, 19592, 7130, 0, 1
hill, 31, 19096, 7130, 0, 1
hill, 30, 20088, 6138, 0, 1
hill, 33, 20584, 6138, 0, 1
hill, 33, 21080, 6138, 0, 1
hill, 30, 21576, 6138, 1.57, 1
hill, 31, 22072, 6138, 0, 1
hill, 33, 21576, 6634, 0, 1
hill, 30, 22072, 6634, 0, 1
hill, 32, 20708, 0, 0, 1
hill, 33, 21204, 0, 1.57, 1
hill, 30, 20708, 496, 3.14, 1
hill, 30, 21204, 496, 4.71, 1
hill, 30, 20708, 992, 0, 1
hill, 31, 21204, 992, 1.57, 1
hill, 31, 20708, 1488, 3.14, 1
hill, 32, 21204, 1488, 4.71, 1
hill, 33, 21700, 1488, 3.14, 1
hill, 31, 21700, 992, 4.71, 1
hill, 31, 21700, 0, 3.14, 1
hill, 33, 22196, 0, 4.71, 1
hill, 33, 22692, 0, 3.14, 1
hill, 33, 23188, 0, 4.71, 1
hill, 32, 23684, 0, 0, 1
hill, 33, 22692, 496, 1.57, 1
hill, 30, 22692, 992, 0, 1
hill, 30, 22692, 1488, 1.57, 1
hill, 32, 23188, 496, 1.57, 1
hill, 32, 23188, 992, 1.57, 1
hill, 32, 23002, 16492, 0, 1
hill, 31, 23498, 16492, 1.57, 1
hill, 30, 21514, 16988, 3.14, 1
hill, 33, 21514, 16988, 1.57, 1
hill, 33, 22010, 16988, 0, 1
hill, 33, 22010, 17484, 3.14, 1
hill, 32, 21018, 17484, 1.57, 1
hill, 33, 21514, 17484, 1.57, 1
hill, 30, 22506, 16988, 1.57, 1
hill, 32, 23498, 16988, 0, 1
hill, 32, 23002, 16988, 1.57, 1
hill, 31, 23002, 17484, 3.14, 1
hill, 30, 22506, 17484, 1.57, 1
hill, 32, 23498, 17484, 3.14, 1
hill, 32, 20584, 15996, 4.71, 1
hill, 33, 20584, 15500, 3.14, 1
hill, 33, 21080, 15500, 4.71, 1
hill, 33, 21080, 15996, 3.14, 1
hill, 31, 19096, 9114, 3.14, 1
hill, 31, 19096, 9672, 3.14, 1
hill, 33, 19096, 10168, 4.71, 1
hill, 31, 19096, 10664, 4.71, 1
hill, 33, 19096, 11160, 0, 1
hill, 31, 19096, 11656, 1.57, 1
hill, 31, 19096, 12152, 3.14, 1
hill, 31, 19096, 12648, 4.71, 1
hill, 32, 19096, 13144, 0, 1
hill, 31, 19096, 13640, 1.57, 1
hill, 30, 19592, 8618, 1.57, 1
hill, 32, 19592, 9114, 0, 1
hill, 32, 19592, 9610, 0, 1
hill, 32, 19592, 10106, 1.57, 1
hill, 32, 19592, 10664, 1.57, 1
hill, 31, 19592, 11160, 3.14, 1
hill, 30, 19592, 11656, 1.57, 1
hill, 30, 19592, 12152, 3.14, 1
hill, 33, 19592, 12648, 1.57, 1
hill, 32, 19592, 13144, 1.57, 1
hill, 33, 19592, 13640, 0, 1
hill, 32, 19096, 14136, 1.57, 1
hill, 33, 19096, 14632, 0, 1
hill, 30, 19096, 15128, 1.57, 1
hill, 31, 19592, 14446, 0, 1
hill, 30, 20088, 13950, 1.57, 1
hill, 33, 20088, 14508, 1.57, 1
hill, 33, 20584, 14198, 1.57, 1
hill, 31, 20584, 14694, 0, 1
hill, 32, 13888, 14694, 0, 1
hill, 31, 13888, 14694, 0, 1
hill, 30, 14384, 14694, 1.57, 1
hill, 33, 13888, 15190, 3.14, 1
hill, 33, 14384, 15190, 4.71, 1
hill, 33, 15128, 14260, 3.14, 1
hill, 32, 15128, 14756, 0, 1
hill, 33, 15624, 14260, 1.57, 1
hill, 30, 15624, 14756, 4.71, 1
hill, 32, 15128, 15562, 4.71, 1
hill, 32, 15624, 15562, 3.14, 1
hill, 31, 15128, 16058, 1.57, 1
hill, 30, 13888, 15996, 4.71, 1
hill, 32, 14384, 15996, 3.14, 1
hill, 32, 14384, 16492, 4.71, 1
hill, 33, 14384, 16988, 4.71, 1
hill, 33, 15624, 16058, 4.71, 1
hill, 33, 15128, 16864, 4.71, 1
hill, 31, 15624, 16864, 4.71, 1
hill, 31, 15128, 17360, 3.14, 1
hill, 33, 15624, 17360, 3.14, 1
hill, 31, 11842, 15314, 0, 1
hill, 33, 12338, 15810, 3.14, 1
hill, 31, 12338, 15314, 4.71, 1
hill, 31, 12834, 15810, 3.14, 1
hill, 31, 12338, 16306, 0, 1
hill, 32, 12834, 16306, 1.57, 1
hill, 31, 10850, 10850, 1.57, 1
hill, 30, 11346, 10850, 1.57, 1
hill, 32, 11842, 10850, 0, 1
hill, 32, 12338, 10850, 3.14, 1
hill, 32, 12834, 10850, 4.71, 1
hill, 32, 13330, 10850, 0, 1
hill, 31, 13826, 10850, 3.14, 1
hill, 30, 12834, 11346, 4.71, 1
hill, 30, 13330, 11346, 0, 1
hill, 33, 13826, 11346, 4.71, 1
hill, 32, 12834, 11842, 0, 1
hill, 33, 13330, 11842, 1.57, 1
hill, 32, 13826, 12338, 4.71, 1
hill, 33, 13826, 12834, 0, 1
hill, 30, 13826, 13330, 1.57, 1
hill, 31, 13826, 13826, 1.57, 1
hill, 30, 12338, 13330, 0, 1
hill, 33, 12834, 13826, 4.71, 1
hill, 33, 12338, 14322, 4.71, 1
hill, 31, 1426, 21762, 3.14, 1
hill, 32, 1426, 22258, 0, 1
hill, 32, 1426, 22754, 3.14, 1
hill, 33, 1922, 22754, 4.71, 1
hill, 30, 1922, 21762, 1.57, 1
hill, 32, 2418, 22196, 1.57, 1
hill, 30, 2914, 21824, 0, 1
hill, 30, 3410, 22196, 4.71, 1
hill, 31, 3906, 21762, 0, 1
hill, 30, 3410, 22692, 1.57, 1
hill, 33, 3906, 22692, 1.57, 1
hill, 30, 4402, 22692, 0, 1
hill, 30, 4402, 21328, 1.57, 1
hill, 31, 4898, 21328, 0, 1
hill, 32, 4898, 20894, 1.57, 1
hill, 31, 4898, 20398, 0, 1
hill, 33, 5394, 20398, 0, 1
hill, 32, 5890, 20398, 3.14, 1
hill, 32, 6386, 20398, 4.71, 1
hill, 30, 6882, 20894, 1.57, 1
hill, 30, 6882, 20894, 1.57, 1
hill, 33, 6882, 20398, 0, 1
hill, 33, 6882, 19964, 0, 1
hill, 30, 6882, 19964, 0, 1
hill, 31, 7378, 19964, 3.14, 1
hill, 30, 7874, 19964, 4.71, 1
hill, 33, 2542, 18042, 0, 1
hill, 33, 2542, 18786, 1.57, 1
hill, 31, 3038, 18290, 3.14, 1
hill, 32, 3038, 18786, 4.71, 1
hill, 31, 2542, 19282, 0, 1
hill, 31, 3038, 19282, 1.57, 1
hill, 32, 3038, 19778, 3.14, 1
hill, 31, 3038, 20274, 1.57, 1
hill, 30, 2542, 19778, 0, 1
hill, 33, 2542, 20274, 0, 1
hill, 33, 1984, 20646, 0, 1
hill, 30, 1488, 20646, 1.57, 1
hill, 31, 992, 20646, 0, 1
hill, 33, 992, 19034, 1.57, 1
hill, 30, 1488, 19530, 0, 1
hill, 32, 868, 16244, 0, 1
hill, 33, 1364, 16244, 1.57, 1
hill, 30, 1860, 16244, 3.14, 1
hill, 30, 2356, 16244, 4.71, 1
hill, 30, 2852, 16244, 0, 1
hill, 31, 1364, 16740, 1.57, 1
hill, 31, 1364, 16740, 1.57, 1
hill, 32, 1860, 16740, 0, 1
hill, 33, 2356, 16740, 3.14, 1
hill, 31, 2852, 16740, 4.71, 1
hill, 31, 1860, 17236, 1.57, 1
hill, 33, 8866, 22196, 0, 1
hill, 33, 9362, 22196, 1.57, 1
hill, 33, 9858, 22196, 1.57, 1
hill, 32, 10354, 22196, 0, 1
hill, 33, 10850, 22196, 1.57, 1
hill, 30, 9362, 22692, 0, 1
hill, 30, 9858, 22692, 3.14, 1
hill, 32, 10354, 22692, 4.71, 1
hill, 32, 10850, 22692, 0, 1
hill, 30, 9362, 23188, 4.71, 1
hill, 30, 9858, 23188, 4.71, 1
hill, 32, 10354, 23188, 0, 1
hill, 31, 10850, 23188, 1.57, 1
hill, 31, 9362, 23684, 0, 1
hill, 32, 9858, 23684, 1.57, 1
hill, 31, 10354, 23684, 3.14, 1
hill, 31, 10850, 23684, 4.71, 1
hill, 30, 11346, 22196, 4.71, 1
hill, 32, 11346, 22692, 4.71, 1
hill, 32, 11346, 23250, 3.14, 1
hill, 30, 0, 4154, 0, 1
hill, 32, 496, 4154, 3.14, 1
hill, 33, 0, 4650, 4.71, 1
hill, 32, 496, 4650, 3.14, 1
hill, 31, 1736, 4650, 3.14, 1
hill, 32, 2418, 4650, 4.71, 1
hill, 33, 1736, 4154, 0, 1
hill, 33, 2418, 4154, 1.57, 1
hill, 30, 744, 5952, 1.57, 1
hill, 30, 1240, 5952, 0, 1
hill, 33, 1240, 6634, 1.57, 1
hill, 32, 1240, 7130, 0, 1
hill, 32, 1736, 7130, 1.57, 1
hill, 30, 2232, 7130, 3.14, 1
hill, 33, 3410, 6386, 4.71, 1
hill, 30, 3906, 6386, 3.14, 1
hill, 32, 3410, 6882, 0, 1
hill, 32, 3410, 7378, 1.57, 1
hill, 32, 3906, 7378, 0, 1
hill, 33, 5208, 9610, 1.57, 1
hill, 31, 5208, 9114, 0, 1
hill, 31, 5952, 8060, 1.57, 1
hill, 32, 5952, 8556, 0, 1
hill, 31, 7750, 10912, 0, 1
hill, 33, 8246, 10912, 1.57, 1
hill, 32, 8742, 10912, 3.14, 1
hill, 30, 7750, 11408, 4.71, 1
hill, 31, 8246, 11408, 4.71, 1
hill, 30, 8742, 11408, 3.14, 1
hill, 32, 7254, 11904, 0, 1
hill, 32, 7750, 11904, 1.57, 1
hill, 32, 8246, 11904, 0, 1
hill, 30, 6758, 12400, 1.57, 1
hill, 31, 7254, 12400, 0, 1
hill, 31, 7750, 12400, 3.14, 1
hill, 31, 8246, 12400, 4.71, 1
hill, 33, 7254, 12896, 3.14, 1
hill, 31, 7254, 13392, 4.71, 1
hill, 33, 7750, 12896, 4.71, 1
hill, 33, 7750, 13392, 4.71, 1
hill, 32, 7254, 13888, 4.71, 1
hill, 33, 7750, 13888, 0, 1
hill, 30, 7254, 14384, 0, 1
hill, 33, 7750, 14384, 1.57, 1
hill, 30, 8246, 14384, 1.57, 1
hill, 32, 8246, 14880, 0, 1
hill, 31, 8308, 14880, 0, 1
hill, 30, 8742, 14384, 1.57, 1
hill, 32, 9238, 14384, 1.57, 1
hill, 31, 8990, 14880, 1.57, 1
hill, 30, 6820, 5642, 1.57, 1
hill, 32, 6820, 6138, 0, 1
hill, 33, 6820, 6634, 1.57, 1
hill, 33, 6820, 7130, 1.57, 1
hill, 32, 6820, 7626, 0, 1
hill, 33, 6944, 9548, 1.57, 1
hill, 32, 6944, 10044, 0, 1
hill, 31, 7812, 9548, 1.57, 1
hill, 30, 8308, 9548, 1.57, 1
hill, 33, 9300, 10106, 1.57, 1
hill, 33, 9734, 10602, 1.57, 1
hill, 33, 9734, 10602, 1.57, 1
hill, 32, 8742, 12896, 0, 1
hill, 33, 9238, 13392, 1.57, 1
hill, 33, 992, 10106, 1.57, 1
hill, 32, 992, 10602, 0, 1
hill, 31, 1488, 10106, 3.14, 1
hill, 31, 1984, 10106, 1.57, 1
hill, 30, 1488, 10602, 3.14, 1
hill, 31, 1984, 10602, 0, 1
hill, 33, 992, 11098, 1.57, 1
hill, 31, 992, 11594, 0, 1
hill, 30, 992, 12090, 3.14, 1
hill, 33, 992, 12586, 4.71, 1
hill, 30, 1488, 11098, 4.71, 1
hill, 32, 1984, 11098, 3.14, 1
hill, 31, 1984, 11594, 3.14, 1
hill, 31, 1984, 12090, 4.71, 1
hill, 33, 1984, 12586, 3.14, 1
hill, 33, 2480, 12586, 3.14, 1
hill, 31, 2480, 12090, 4.71, 1
hill, 31, 992, 13082, 4.71, 1
hill, 32, 992, 13578, 3.14, 1
hill, 30, 992, 14074, 4.71, 1
hill, 33, 992, 14570, 3.14, 1
hill, 32, 2232, 13392, 3.14, 1
hill, 32, 2232, 14074, 4.71, 1
hill, 30, 2728, 13392, 4.71, 1
hill, 32, 2728, 14074, 0, 1
hill, 30, 3224, 14074, 1.57, 1
hill, 32, 3348, 3906, 1.57, 1
hill, 30, 3348, 4402, 0, 1
hill, 30, 3348, 4898, 3.14, 1
hill, 32, 4960, 5456, 3.14, 1
hill, 31, 5456, 5456, 4.71, 1
hill, 32, 4960, 5952, 0, 1
hill, 31, 3658, 8432, 0, 1
hill, 32, 3658, 8928, 1.57, 1
hill, 32, 4154, 9424, 3.14, 1
hill, 32, 4154, 8680, 4.71, 1
hill, 31, 4464, 11346, 4.71, 1
hill, 31, 4464, 11842, 3.14, 1
hill, 30, 4464, 13206, 4.71, 1
hill, 31, 5208, 13206, 3.14, 1
hill, 33, 4464, 15066, 4.71, 1
hill, 30, 5208, 15066, 4.71, 1
hill, 32, 5208, 15810, 0, 1
hill, 30, 5208, 16306, 1.57, 1
hill, 30, 5704, 15810, 1.57, 1
hill, 32, 5704, 16802, 0, 1
hill, 30, 3534, 17856, 1.57, 1
hill, 33, 4030, 17856, 0, 1
hill, 30, 4526, 17422, 0, 1
hill, 30, 5022, 17422, 1.57, 1
hill, 33, 5022, 17918, 0, 1
hill, 32, 1860, 15500, 1.57, 1
hill, 33, 2356, 15500, 0, 1
hill, 31, 4154, 16492, 1.57, 1
hill, 32, 12338, 18414, 0, 1
hill, 32, 12338, 18910, 1.57, 1
hill, 32, 12834, 18414, 0, 1
hill, 31, 12834, 18910, 1.57, 1
hill, 31, 13330, 18910, 3.14, 1
hill, 31, 13330, 18414, 4.71, 1
hill, 33, 12834, 17918, 4.71, 1
hill, 33, 13330, 17918, 4.71, 1
hill, 32, 13330, 17422, 4.71, 1
hill, 30, 13826, 17422, 3.14, 1
hill, 32, 13826, 17918, 4.71, 1
hill, 31, 14322, 18414, 4.71, 1
hill, 32, 11842, 19406, 4.71, 1
hill, 31, 11346, 19406, 4.71, 1
hill, 32, 10478, 19406, 4.71, 1
hill, 31, 10478, 20274, 4.71, 1
hill, 31, 11346, 20274, 3.14, 1
hill, 30, 11842, 20274, 3.14, 1
hill, 30, 11346, 20770, 0, 1
hill, 32, 11346, 21266, 1.57, 1
hill, 31, 11842, 20770, 0, 1
hill, 31, 12338, 20274, 1.57, 1
hill, 31, 12834, 20274, 0, 1
hill, 31, 13330, 20274, 3.14, 1
hill, 30, 13826, 20274, 4.71, 1
hill, 32, 13330, 20770, 0, 1
hill, 32, 13826, 21266, 4.71, 1
hill, 31, 14322, 20770, 4.71, 1
hill, 30, 14818, 21266, 4.71, 1
hill, 33, 14322, 21762, 4.71, 1
hill, 33, 15314, 21762, 4.71, 1
hill, 33, 14818, 22258, 4.71, 1
hill, 32, 15314, 22754, 4.71, 1
hill, 33, 14818, 20274, 4.71, 1
hill, 30, 15314, 20274, 4.71, 1
hill, 32, 15810, 20274, 3.14, 1
hill, 32, 15810, 20770, 1.57, 1
hill, 31, 15314, 20770, 1.57, 1
hill, 31, 19530, 17980, 3.14, 1
hill, 33, 19530, 18476, 4.71, 1
hill, 32, 19530, 18972, 3.14, 1
hill, 30, 19530, 19468, 4.71, 1
hill, 31, 19530, 19964, 3.14, 1
hill, 30, 20522, 17980, 3.14, 1
hill, 32, 20522, 18476, 4.71, 1
hill, 32, 20522, 18972, 3.14, 1
hill, 32, 20460, 20460, 4.71, 1
hill, 30, 20956, 20460, 3.14, 1
hill, 31, 21452, 20460, 4.71, 1
hill, 31, 20460, 20956, 0, 1
hill, 31, 20956, 20956, 1.57, 1
hill, 33, 20460, 21452, 0, 1
hill, 31, 20460, 21948, 1.57, 1
hill, 33, 20460, 22444, 0, 1
hill, 33, 20956, 21452, 1.57, 1
hill, 32, 20956, 21948, 1.57, 1
hill, 33, 20956, 22940, 1.57, 1
hill, 30, 20460, 22940, 0, 1
hill, 33, 21452, 23436, 1.57, 1
hill, 30, 20460, 23436, 1.57, 1
hill, 32, 20026, 19964, 1.57, 1
hill, 31, 20522, 19964, 1.57, 1
hill, 30, 22010, 17980, 1.57, 1
hill, 32, 22382, 21886, 1.57, 1
hill, 31, 22878, 21886, 1.57, 1
hill, 30, 23374, 21886, 0, 1
hill, 32, 22382, 22382, 1.57, 1
hill, 33, 22878, 22382, 0, 1
hill, 33, 23374, 22382, 1.57, 1
hill, 32, 22382, 22878, 1.57, 1
hill, 33, 22878, 22878, 1.57, 1
hill, 32, 16740, 12214, 0, 1
hill, 31, 16740, 12710, 1.57, 1
hill, 30, 17236, 12710, 1.57, 1
hill, 33, 17732, 12710, 1.57, 1
hill, 33, 17236, 13206, 0, 1
hill, 33, 17732, 13206, 3.14, 1
hill, 32, 17236, 14136, 4.71, 1
hill, 33, 17732, 14136, 3.14, 1
hill, 33, 17236, 14632, 4.71, 1
hill, 32, 17732, 14632, 3.14, 1
hill, 31, 17794, 15562, 4.71, 1
hill, 31, 18290, 15562, 3.14, 1
hill, 30, 18290, 16058, 4.71, 1
hill, 31, 18786, 16058, 4.71, 1
hill, 33, 16988, 16616, 3.14, 1
hill, 31, 16988, 17112, 3.14, 1
hill, 30, 16988, 17608, 4.71, 1
hill, 33, 17484, 17608, 4.71, 1
hill, 30, 17980, 17608, 4.71, 1
hill, 32, 18476, 17608, 4.71, 1
hill, 31, 14818, 18910, 3.14, 1
hill, 31, 15314, 18910, 3.14, 1
hill, 33, 15810, 19406, 4.71, 1
hill, 33, 16306, 19406, 4.71, 1
hill, 31, 17980, 19096, 4.71, 1
hill, 31, 17546, 20026, 3.14, 1
hill, 32, 18972, 20832, 4.71, 1
hill, 30, 19778, 22320, 4.71, 1
hill, 33, 6820, 17112, 0, 1
hill, 32, 6820, 17608, 1.57, 1
hill, 32, 6820, 18104, 3.14, 1
hill, 30, 7316, 17112, 4.71, 1
hill, 32, 7316, 17608, 0, 1
hill, 30, 7316, 18104, 1.57, 1
hill, 32, 5022, 18414, 0, 1
hill, 30, 5022, 18910, 1.57, 1
hill, 30, 5518, 18910, 3.14, 1
hill, 32, 6014, 18910, 0, 1
hill, 31, 5518, 19406, 1.57, 1
hill, 32, 6014, 19406, 3.14, 1
hill, 31, 3038, 20770, 4.71, 1
hill, 32, 5394, 21824, 4.71, 1
hill, 32, 5890, 21824, 3.14, 1
hill, 32, 5890, 22320, 3.14, 1
hill, 31, 6386, 22320, 4.71, 1
hill, 31, 6882, 21824, 4.71, 1
hill, 30, 6696, 23250, 4.71, 1
hill, 31, 7192, 23250, 3.14, 1
hill, 33, 7688, 23250, 4.71, 1
hill, 30, 7688, 22754, 4.71, 1
hill, 32, 8184, 22754, 4.71, 1
hill, 30, 9362, 20770, 4.71, 1
hill, 30, 10106, 20770, 4.71, 1
hill, 32, 10106, 21266, 4.71, 1
hill, 30, 9362, 21266, 3.14, 1
hill, 33, 9610, 15872, 3.14, 1
hill, 30, 9610, 16368, 4.71, 1
hill, 30, 9610, 16864, 4.71, 1
hill, 33, 9114, 16368, 4.71, 1
hill, 32, 9114, 16864, 4.71, 1
hill, 33, 8618, 16864, 4.71, 1
hill, 31, 10106, 16368, 4.71, 1
hill, 32, 8618, 17360, 4.71, 1
hill, 32, 9114, 17360, 4.71, 1
hill, 32, 9610, 17360, 4.71, 1
hill, 31, 9114, 17856, 3.14, 1
hill, 31, 9610, 17856, 4.71, 1
hill, 31, 9114, 18352, 3.14, 1
hill, 33, 9114, 18848, 4.71, 1
hill, 33, 9114, 19344, 4.71, 1
hill, 32, 8618, 19344, 4.71, 1
hill, 30, 8866, 19840, 4.71, 1
hill, 32, 10106, 16864, 4.71, 1
hill, 31, 10106, 17360, 4.71, 1
hill, 32, 10602, 17360, 4.71, 1
hill, 31, 10602, 16864, 4.71, 1
hill, 32, 14136, 6510, 0, 1
hill, 31, 14632, 6510, 1.57, 1
hill, 31, 15128, 6510, 1.57, 1
hill, 30, 14136, 7006, 1.57, 1
hill, 30, 14136, 7502, 3.14, 1
hill, 32, 14136, 8060, 0, 1
hill, 31, 15128, 7564, 0, 1
hill, 31, 15624, 7564, 1.57, 1
hill, 31, 15624, 8060, 1.57, 1
hill, 31, 15624, 8556, 1.57, 1
hill, 30, 14136, 8556, 3.14, 1
hill, 32, 14632, 8556, 4.71, 1
hill, 32, 15128, 8556, 0, 1
hill, 31, 16802, 6572, 4.71, 1
hill, 30, 16802, 7068, 4.71, 1
hill, 33, 16802, 7564, 3.14, 1
hill, 33, 16802, 8060, 0, 1
hill, 33, 16802, 8556, 1.57, 1
hill, 32, 19716, 2666, 1.57, 1
hill, 33, 19716, 3162, 1.57, 1
hill, 30, 19716, 3658, 1.57, 1
hill, 32, 20212, 2666, 1.57, 1
hill, 32, 20708, 2666, 1.57, 1
hill, 31, 20212, 3162, 1.57, 1
hill, 30, 20212, 3658, 1.57, 1
hill, 32, 22134, 2356, 1.57, 1
hill, 32, 22630, 2852, 1.57, 1
hill, 33, 22134, 3410, 1.57, 1
hill, 33, 22134, 3906, 1.57, 1
hill, 33, 16554, 3844, 1.57, 1
hill, 31, 16988, 3410, 1.57, 1
hill, 31, 17484, 2976, 1.57, 1
hill, 33, 17980, 2542, 1.57, 1
hill, 31, 17980, 3286, 1.57, 1
hill, 33, 17484, 3906, 1.57, 1
hill, 31, 16988, 4402, 1.57, 1
hill, 31, 16988, 4898, 1.57, 1
hill, 31, 16492, 4898, 0, 1
hill, 32, 17856, 5518, 1.57, 1
hill, 31, 18352, 6014, 0, 1
hill, 30, 2480, 10106, 0, 1
hill, 32, 2976, 10106, 3.14, 1
hill, 32, 3472, 10106, 0, 1
hill, 32, 2976, 10602, 4.71, 1
hill, 32, 3472, 10602, 3.14, 1
hill, 31, 2976, 11098, 0, 1
hill, 30, 3472, 11098, 1.57, 1
hill, 30, 3968, 10602, 3.14, 1
hill, 33, 5208, 11346, 4.71, 1
hill, 32, 5208, 11842, 3.14, 1
hill, 33, 5704, 13206, 3.14, 1
hill, 32, 5704, 13702, 4.71, 1
hill, 33, 6200, 14198, 4.71, 1
hill, 30, 0, 15686, 3.14, 1
hill, 31, 0, 17360, 4.71, 1
hill, 30, 0, 17856, 4.71, 1
hill, 33, 0, 19406, 4.71, 1
hill, 33, 0, 19902, 4.71, 1
hill, 31, 0, 22010, 4.71, 1
hill, 32, 0, 22506, 4.71, 1
hill, 32, 3844, 23498, 4.71, 1
hill, 33, 21142, 8618, 3.14, 1
hill, 30, 21142, 9114, 0, 1
hill, 32, 21638, 8618, 1.57, 1
hill, 30, 22134, 8618, 0, 1
hill, 30, 21638, 9114, 1.57, 1
hill, 31, 22134, 9114, 0, 1
hill, 30, 22630, 8618, 1.57, 1
hill, 33, 21142, 9610, 0, 1
hill, 30, 21638, 9610, 1.57, 1
hill, 30, 21638, 10106, 1.57, 1
hill, 31, 22134, 9610, 3.14, 1
hill, 32, 22134, 10106, 1.57, 1
hill, 31, 21638, 10602, 1.57, 1
hill, 33, 22134, 10602, 1.57, 1
hill, 32, 22630, 9114, 1.57, 1
hill, 32, 22630, 9610, 1.57, 1
hill, 30, 23126, 9114, 0, 1
hill, 30, 23622, 9114, 1.57, 1
hill, 33, 23126, 9610, 1.57, 1
hill, 33, 23622, 9610, 3.14, 1
hill, 30, 22630, 10602, 3.14, 1
hill, 31, 22630, 11098, 4.71, 1
hill, 30, 23126, 11098, 3.14, 1
hill, 33, 20088, 11408, 3.14, 1
hill, 33, 20584, 11656, 4.71, 1
hill, 31, 21080, 12152, 3.14, 1
hill, 32, 22444, 20584, 3.14, 1
hill, 31, 23188, 20832, 4.71, 1
hill, 31, 21452, 18848, 4.71, 1
hill, 32, 16244, 9176, 4.71, 1
hill, 31, 16244, 9920, 3.14, 1
hill, 30, 16244, 10416, 4.71, 1
hill, 33, 16244, 10912, 0, 1
hill, 33, 15252, 10168, 0, 1
hill, 30, 15252, 10664, 1.57, 1
hill, 31, 15748, 10664, 0, 1
hill, 33, 15128, 11904, 0, 1
hill, 30, 15624, 11904, 0, 1
hill, 32, 15624, 12400, 0, 1
hill, 33, 17918, 11470, 0, 1
hill, 30, 17484, 10974, 1.57, 1
hill, 30, 18104, 9610, 0, 1
hill, 30, 12462, 8990, 3.14, 1
hill, 31, 13516, 9300, 1.57, 1
hill, 31, 12276, 3596, 0, 1
hill, 32, 12772, 3596, 1.57, 1
hill, 33, 12276, 4092, 1.57, 1
hill, 31, 9052, 3596, 3.14, 1
hill, 31, 8556, 4278, 1.57, 1
hill, 33, 9486, 4402, 0, 1
hill, 33, 7316, 2232, 1.57, 1
hill, 33, 6510, 2604, 0, 1
hill, 32, 4774, 186, 1.57, 1
hill, 33, 13578, 4650, 0, 1
hill, 30, 13144, 5208, 1.57, 1
hill, 30, 12896, 5952, 3.14, 1
hill, 32, 15996, 5952, 4.71, 1
hill, 32, 16182, 6510, 4.71, 1
hill, 30, 17112, 1178, 1.57, 1
hill, 30, 19468, 1674, 1.57, 1
hill, 32, 16616, 2108, 4.71, 1
hill, 31, 23064, 7502, 4.71, 1
hill, 31, 21638, 13330, 0, 1
hill, 32, 22010, 13826, 1.57, 1
hill, 31, 21762, 14322, 1.57, 1
hill, 31, 12586, 22382, 1.57, 1
hill, 30, 12586, 22878, 1.57, 1
hill, 32, 13082, 22878, 1.57, 1
hill, 32, 13082, 22382, 1.57, 1
hill, 30, 434, 7688, 1.57, 1
hill, 32, 2356, 8246, 0, 1
hill, 33, 248, 10230, 0, 1
hill, 32, 3348, 12276, 1.57, 1
hill, 31, 3348, 14942, 1.57, 1
hill, 32, 434, 12090, 1.57, 1
hill, 33, 62, 12896, 1.57, 1
hill, 31, 6448, 10044, 0, 1
hill, 33, 6448, 9548, 0, 1
hill, 32, 6448, 9548, 0, 1
hill, 30, 7440, 10354, 0, 1
hill, 31, 7936, 10354, 1.57, 1
hill, 30, 8556, 10416, 1.57, 1
hill, 32, 9362, 9486, 0, 1
hill, 32, 9858, 9486, 1.57, 1
hill, 32, 5952, 9052, 0, 1
hill, 30, 6448, 8556, 1.57, 1
hill, 31, 6448, 9052, 1.57, 1
hill, 31, 5704, 10354, 1.57, 1
hill, 31, 10850, 11346, 0, 1
hill, 33, 11346, 11346, 1.57, 1
hill, 31, 11842, 11346, 0, 1
hill, 33, 11346, 11842, 1.57, 1
hill, 33, 11842, 11842, 3.14, 1
hill, 32, 11842, 12338, 0, 1
hill, 33, 12958, 9238, 0, 1
hill, 30, 14012, 9300, 1.57, 1
hill, 33, 14508, 9300, 3.14, 1
hill, 30, 11532, 8804, 4.71, 1
hill, 32, 11532, 9300, 3.14, 1
hill, 31, 12028, 9672, 3.14, 1
hill, 30, 15128, 11408, 3.14, 1
hill, 32, 15624, 11408, 4.71, 1
hill, 31, 14322, 12834, 4.71, 1
hill, 30, 14322, 13330, 3.14, 1
hill, 32, 14818, 13330, 0, 1
hill, 33, 15314, 13330, 3.14, 1
hill, 33, 15810, 13330, 4.71, 1
hill, 32, 16306, 13330, 3.14, 1
hill, 33, 16306, 13826, 4.71, 1
hill, 32, 18290, 16554, 3.14, 1
hill, 31, 18290, 16554, 3.14, 1
hill, 30, 18290, 17050, 1.57, 1
hill, 33, 18786, 17050, 0, 1
hill, 33, 18786, 16554, 1.57, 1
hill, 33, 18972, 17608, 1.57, 1
hill, 32, 18538, 18724, 1.57, 1
hill, 33, 18538, 19220, 1.57, 1
hill, 33, 20026, 17980, 1.57, 1
hill, 32, 20026, 18476, 0, 1
hill, 31, 21452, 19344, 1.57, 1
hill, 31, 22072, 21266, 1.57, 1
hill, 30, 22010, 15376, 0, 1
hill, 31, 23436, 15934, 1.57, 1
hill, 33, 16306, 18290, 0, 1
hill, 31, 16306, 18786, 1.57, 1
hill, 30, 21080, 4650, 0, 1
hill, 33, 21080, 4154, 1.57, 1
hill, 30, 21576, 4154, 1.57, 1
hill, 32, 21576, 4650, 1.57, 1
hill, 31, 22072, 4650, 3.14, 1
hill, 31, 22568, 4650, 4.71, 1
hill, 33, 21080, 5456, 4.71, 1
hill, 33, 21576, 5456, 3.14, 1
hill, 31, 17980, 4402, 3.14, 1
hill, 31, 18476, 4402, 4.71, 1
hill, 32, 18476, 4898, 0, 1
hill, 30, 18972, 4588, 1.57, 1
hill, 33, 19468, 4588, 1.57, 1
hill, 32, 19964, 4836, 0, 1
hill, 32, 17608, 1178, 1.57, 1
hill, 30, 17608, 1674, 1.57, 1
hill, 32, 17608, 2170, 1.57, 1
hill, 30, 17484, 496, 0, 1
hill, 32, 18848, 496, 0, 1
hill, 30, 19344, 496, 1.57, 1
hill, 30, 19344, 992, 1.57, 1
hill, 32, 23064, 5146, 1.57, 1
hill, 31, 23560, 5146, 0, 1
hill, 32, 23064, 5642, 1.57, 1
hill, 31, 23560, 5642, 0, 1
hill, 32, 20894, 7688, 0, 1
hill, 32, 21390, 7688, 1.57, 1
hill, 32, 20398, 10416, 0, 1
hill, 31, 22382, 12090, 1.57, 1
hill, 31, 22878, 12090, 1.57, 1
hill, 30, 21390, 13826, 1.57, 1
hill, 31, 23312, 13330, 1.57, 1
hill, 33, 20398, 12896, 0, 1
hill, 30, 20894, 12896, 1.57, 1
hill, 32, 16120, 14942, 0, 1
hill, 30, 16740, 14942, 1.57, 1
hill, 30, 16120, 16058, 1.57, 1
hill, 32, 17484, 16616, 0, 1
hill, 30, 16120, 17112, 0, 1
hill, 33, 14322, 19406, 0, 1
hill, 30, 13330, 19406, 0, 1
hill, 30, 12338, 21266, 0, 1
hill, 33, 13330, 21700, 0, 1
hill, 32, 16306, 21514, 0, 1
hill, 33, 16306, 22010, 1.57, 1
hill, 31, 16306, 22506, 0, 1
hill, 32, 16306, 23250, 0, 1
hill, 32, 16306, 23746, 1.57, 1
hill, 32, 17298, 21824, 1.57, 1
hill, 31, 19220, 21328, 0, 1
hill, 31, 19096, 21824, 1.57, 1
hill, 31, 19096, 23064, 1.57, 1
hill, 33, 19592, 23436, 0, 1
hill, 31, 9858, 7378, 0, 1
hill, 33, 9858, 7874, 1.57, 1
hill, 32, 9858, 8370, 3.14, 1
hill, 30, 9858, 8866, 4.71, 1
hill, 31, 9858, 9982, 3.14, 1
hill, 30, 9858, 11098, 4.71, 1
hill, 32, 9858, 11594, 3.14, 1
hill, 32, 9858, 12090, 0, 1
hill, 32, 9858, 12648, 0, 1
hill, 30, 11346, 13826, 1.57, 1
hill, 31, 11842, 13826, 0, 1
hill, 31, 11842, 14818, 1.57, 1
hill, 31, 12834, 14818, 1.57, 1
hill, 33, 13578, 16678, 0, 1
hill, 31, 11594, 17980, 0, 1
hill, 33, 11594, 18476, 1.57, 1
hill, 33, 14818, 19902, 0, 1
hill, 32, 10664, 15686, 0, 1
hill, 33, 11222, 16182, 1.57, 1
hill, 30, 9734, 14880, 0, 1
hill, 33, 8494, 18352, 0, 1
hill, 30, 8494, 18848, 1.57, 1
hill, 32, 6820, 19096, 0, 1
hill, 31, 8246, 20956, 0, 1
hill, 30, 8742, 21452, 1.57, 1
hill, 32, 8246, 21452, 3.14, 1
hill, 31, 8742, 20956, 4.71, 1
hill, 30, 15624, 6510, 4.71, 1
hill, 32, 15500, 5952, 3.14, 1
hill, 33, 16492, 5952, 4.71, 1
hill, 33, 17174, 5580, 3.14, 1
hill, 32, 22072, 7130, 4.71, 1
hill, 33, 22072, 7626, 3.14, 1
hill, 32, 23312, 6696, 4.71, 1
hill, 31, 23808, 7192, 3.14, 1
hill, 30, 23560, 7874, 4.71, 1
hill, 33, 20088, 7626, 3.14, 1
hill, 33, 19592, 8122, 3.14, 1
hill, 33, 20088, 8618, 3.14, 1

//tree data

//building data
building, 112, 310, 2046, 0, 1
building, 112, 23560, 18891, 3.14, 1

//water data
water, 80, 11036, 0
water, 81, 11036, 248
water, 81, 11036, 496
water, 87, 11036, 744
water, 84, 10788, 744
water, 80, 10788, 992
water, 87, 10788, 1240
water, 82, 10540, 1240
water, 83, 10292, 1240
water, 84, 10044, 1240
water, 80, 10044, 1488
water, 86, 10044, 1736
water, 82, 10292, 1736
water, 83, 10540, 1736
water, 85, 10788, 1736
water, 81, 10788, 1984
water, 81, 10788, 2232
water, 86, 10788, 2480
water, 87, 11036, 2480
water, 81, 11036, 2232
water, 84, 11036, 1984
water, 82, 11284, 1984
water, 85, 11532, 1984
water, 81, 11532, 2232
water, 80, 11532, 2480
water, 87, 11532, 2728
water, 84, 11284, 2728
water, 81, 11284, 2976
water, 81, 11284, 3224
water, 80, 11284, 3472
water, 80, 11284, 3720
water, 81, 11284, 3968
water, 87, 11284, 4216
water, 82, 11036, 4216
water, 83, 10788, 4216
water, 88, 1674, 5456
water, 81, 2170, 5208
water, 80, 2170, 4960
water, 80, 2170, 4650
water, 80, 2170, 4712
water, 80, 2170, 4464
water, 81, 2170, 4216
water, 81, 2170, 3968
water, 81, 2170, 3720
water, 80, 2170, 3472
water, 81, 2170, 3224
water, 80, 2170, 2976
water, 81, 2170, 2728
water, 81, 2170, 2480
water, 80, 2170, 2232
water, 80, 2170, 1984
water, 81, 2170, 1736
water, 81, 2170, 1488
water, 81, 2170, 1240
water, 81, 2170, 992
water, 80, 2170, 744
water, 80, 2170, 496
water, 81, 2170, 248
water, 81, 2170, 0
water, 82, 0, 6386
water, 82, 248, 6386
water, 83, 496, 6386
water, 82, 744, 6386
water, 83, 992, 6386
water, 83, 1240, 6386
water, 82, 1488, 6386
water, 82, 1736, 6386
water, 83, 1984, 6386
water, 82, 2232, 6386
water, 83, 2480, 6386
water, 82, 2728, 6386
water, 87, 2976, 6386
water, 81, 2976, 6138
water, 80, 2976, 5890
water, 80, 2976, 5642
water, 84, 2976, 5394
water, 82, 3224, 5394
water, 82, 3472, 5394
water, 83, 3720, 5394
water, 82, 3968, 5394
water, 87, 4216, 5394
water, 81, 4216, 5146
water, 80, 4216, 4898
water, 81, 4216, 4650
water, 84, 4216, 4402
water, 82, 4464, 4402
water, 85, 4712, 4402
water, 80, 4712, 4650
water, 81, 4712, 4898
water, 80, 4712, 5146
water, 81, 4712, 5394
water, 80, 4712, 5642
water, 80, 4712, 5890
water, 81, 4712, 6138
water, 80, 4712, 6386
water, 81, 4712, 6634
water, 81, 4712, 6882
water, 86, 4712, 7130
water, 82, 4960, 7130
water, 83, 5208, 7130
water, 85, 5456, 7130
water, 80, 5456, 7378
water, 81, 5456, 7626
water, 86, 5456, 7874
water, 85, 5704, 7874
water, 81, 5704, 8122
water, 81, 5704, 8370
water, 80, 5704, 8618
water, 81, 5704, 8866
water, 80, 5704, 9114
water, 81, 5704, 9362
water, 81, 5704, 9610
water, 80, 5704, 9858
water, 87, 5704, 10106
water, 82, 5456, 10106
water, 83, 5208, 10106
water, 84, 4960, 10106
water, 81, 4960, 10354
water, 80, 4960, 10602
water, 81, 4960, 10850
water, 80, 4960, 11098
water, 80, 4960, 11346
water, 81, 4960, 11594
water, 81, 4960, 11842
water, 81, 4960, 12090
water, 81, 4960, 12338
water, 80, 4960, 12586
water, 80, 4960, 12834
water, 81, 4960, 13082
water, 81, 4960, 13330
water, 80, 4960, 13578
water, 81, 4960, 13826
water, 89, 4960, 14074
water, 89, 4960, 14074
water, 84, 10540, 4216
water, 81, 10540, 4464
water, 81, 10540, 4712
water, 80, 10540, 4960
water, 80, 10540, 5208
water, 81, 10540, 5456
water, 80, 10540, 5704
water, 80, 10540, 5952
water, 81, 10540, 6200
water, 86, 10540, 6448
water, 82, 10788, 6448
water, 83, 11036, 6448
water, 85, 11284, 6448
water, 80, 11284, 6696
water, 81, 11284, 6944
water, 80, 11284, 7192
water, 81, 11284, 7440
water, 81, 11284, 7688
water, 80, 11284, 7936
water, 81, 11284, 8184
water, 81, 11284, 8432
water, 80, 11284, 8680
water, 81, 11284, 8928
water, 80, 11284, 9176
water, 81, 11284, 9424
water, 87, 11284, 9672
water, 84, 11036, 9672
water, 81, 11036, 9920
water, 86, 11036, 10168
water, 82, 11284, 10168
water, 83, 11532, 10168
water, 82, 11780, 10168
water, 83, 12028, 10168
water, 82, 12276, 10168
water, 83, 12524, 10168
water, 82, 12772, 10168
water, 83, 13020, 10168
water, 82, 13268, 10168
water, 83, 13516, 10168
water, 82, 13764, 10168
water, 82, 14012, 10168
water, 82, 14260, 10168
water, 82, 14508, 10168
water, 83, 14756, 10168
water, 87, 15004, 10168
water, 84, 15004, 9920
water, 82, 15252, 9920
water, 87, 15500, 9920
water, 84, 15500, 9672
water, 82, 15748, 9672
water, 83, 15996, 9672
water, 82, 16244, 9672
water, 82, 16244, 9672
water, 82, 16492, 9672
water, 83, 16740, 9672
water, 85, 16988, 9672
water, 86, 16988, 9920
water, 85, 17236, 9920
water, 86, 17236, 10168
water, 85, 17484, 10168
water, 86, 17484, 10416
water, 85, 17732, 10416
water, 86, 17732, 10664
water, 85, 17980, 10664
water, 86, 17980, 10912
water, 85, 18228, 10912
water, 86, 18228, 11160
water, 85, 18476, 11160
water, 86, 18476, 11408
water, 85, 18724, 11408
water, 86, 18724, 11656
water, 85, 18972, 11656
water, 86, 18972, 11904
water, 85, 19220, 11904
water, 86, 19220, 12152
water, 85, 19468, 12152
water, 86, 19468, 12400
water, 85, 19716, 12400
water, 85, 19716, 12400
water, 86, 19716, 12648
water, 82, 19964, 12648
water, 83, 20212, 12648
water, 83, 20460, 12648
water, 83, 20708, 12648
water, 82, 20956, 12648
water, 82, 21204, 12648
water, 83, 21452, 12648
water, 82, 21700, 12648
water, 82, 21948, 12648
water, 82, 22196, 12648
water, 83, 22444, 12648
water, 85, 22692, 12648
water, 81, 22692, 12896
water, 86, 22692, 13144
water, 85, 22940, 13144
water, 85, 22940, 13144
water, 81, 22940, 13392
water, 80, 22940, 13640
water, 86, 22940, 13888
water, 85, 23188, 13888
water, 85, 23188, 13888
water, 87, 23188, 14136
water, 84, 22940, 14136
water, 87, 22940, 14384
water, 84, 22692, 14384
water, 81, 22692, 14632
water, 81, 22692, 14880
water, 81, 22692, 15128
water, 81, 22692, 15376
water, 80, 22692, 15624
water, 81, 22692, 15872
water, 80, 22692, 16120
water, 81, 22692, 16368
water, 87, 22692, 16616
water, 82, 22444, 16616
water, 83, 22196, 16616
water, 83, 21948, 16616
water, 84, 21700, 16616
water, 81, 21700, 16864
water, 80, 21700, 17112
water, 80, 21700, 17360
water, 87, 21700, 17608
water, 82, 21452, 17608
water, 84, 21204, 17608
water, 80, 21204, 17856
water, 81, 21204, 18104
water, 80, 21204, 18352
water, 81, 21204, 18600
water, 80, 21204, 18848
water, 81, 21204, 19096
water, 80, 21204, 19344
water, 81, 21204, 19592
water, 86, 21204, 19840
water, 82, 21452, 19840
water, 82, 21700, 19840
water, 83, 21948, 19840
water, 85, 22196, 19840
water, 81, 22196, 20088
water, 86, 22196, 20336
water, 82, 22444, 20336
water, 83, 22692, 20336
water, 85, 22940, 20336
water, 86, 22940, 20584
water, 82, 23188, 20584
water, 83, 23436, 20584
water, 83, 23684, 20584
water, 82, 23932, 20584
water, 82, 0, 18600
water, 82, 248, 18600
water, 82, 496, 18600
water, 83, 744, 18600
water, 83, 992, 18600
water, 82, 1240, 18600
water, 83, 1488, 18600
water, 85, 1736, 18600
water, 86, 1736, 18848
water, 85, 1984, 18848
water, 86, 1984, 19096
water, 85, 2232, 19096
water, 80, 2232, 19344
water, 81, 2232, 19592
water, 80, 2232, 19840
water, 81, 2232, 20088
water, 87, 2232, 20336
water, 82, 1984, 20336
water, 83, 1736, 20336
water, 82, 1488, 20336
water, 83, 1240, 20336
water, 82, 992, 20336
water, 83, 744, 20336
water, 82, 496, 20336
water, 83, 248, 20336
water, 83, 0, 20336
water, 82, 0, 15066
water, 82, 248, 15066
water, 83, 496, 15066
water, 82, 744, 15066
water, 83, 992, 15066
water, 82, 1240, 15066
water, 87, 1488, 15066
water, 80, 1488, 14818
water, 81, 1488, 14570
water, 80, 1488, 14322
water, 81, 1488, 14074
water, 84, 1488, 13826
water, 82, 1736, 13826
water, 83, 1984, 13826
water, 83, 2232, 13826
water, 82, 2480, 13826
water, 83, 2728, 13826
water, 82, 2976, 13826
water, 82, 3224, 13826
water, 83, 3472, 13826
water, 82, 3720, 13826
water, 83, 3968, 13826
water, 85, 4216, 13826
water, 81, 4216, 14074
water, 81, 4216, 14322
water, 81, 4216, 14570
water, 86, 4216, 14818
water, 82, 4464, 14818
water, 83, 4712, 14818
water, 85, 4960, 14818
water, 81, 4960, 15066
water, 80, 4960, 15314
water, 86, 4960, 15562
water, 82, 5208, 15562
water, 83, 5456, 15562
water, 82, 5704, 15562
water, 83, 5952, 15562
water, 82, 6200, 15562
water, 85, 6448, 15562
water, 80, 6448, 15810
water, 81, 6448, 16058
water, 86, 6448, 16306
water, 82, 6696, 16306
water, 83, 6944, 16306
water, 83, 7192, 16306
water, 82, 7440, 16306
water, 83, 7688, 16306
water, 85, 7936, 16306
water, 81, 7936, 16554
water, 80, 7936, 16802
water, 80, 7936, 17050
water, 80, 7936, 17298
water, 81, 7936, 17546
water, 81, 7936, 17794
water, 80, 7936, 18042
water, 86, 7936, 18290
water, 85, 8184, 18290
water, 81, 8184, 18538
water, 87, 8184, 18786
water, 82, 7936, 18786
water, 84, 7688, 18786
water, 81, 7688, 19034
water, 80, 7688, 19282
water, 81, 7688, 19530
water, 80, 7688, 19778
water, 81, 7688, 20026
water, 80, 7688, 20274
water, 81, 7688, 20522
water, 80, 7688, 20770
water, 81, 7688, 21018
water, 81, 7688, 21266
water, 81, 7688, 21514
water, 80, 7688, 21762
water, 80, 7688, 22010
water, 87, 7688, 22258
water, 82, 7440, 22258
water, 84, 7192, 22258
water, 81, 7192, 22506
water, 80, 7192, 22754
water, 87, 7192, 23002
water, 82, 6944, 23002
water, 83, 6696, 23002
water, 84, 6448, 23002
water, 81, 6448, 23250
water, 80, 6448, 23498
water, 80, 6448, 23746
water, 84, 11346, 16926
water, 82, 11594, 16926
water, 83, 11842, 16926
water, 83, 12090, 16926
water, 82, 12338, 16926
water, 82, 12586, 16926
water, 83, 12834, 16926
water, 82, 13082, 16926
water, 87, 13330, 16926
water, 80, 13330, 16678
water, 84, 13330, 16430
water, 82, 13578, 16430
water, 83, 13826, 16430
water, 82, 14074, 16430
water, 83, 14322, 16430
water, 82, 14570, 16430
water, 83, 14818, 16430
water, 82, 15066, 16430
water, 83, 15314, 16430
water, 83, 15314, 16430
water, 85, 15562, 16430
water, 80, 15562, 16678
water, 81, 15562, 16926
water, 80, 15562, 17174
water, 81, 15562, 17422
water, 80, 15562, 17670
water, 81, 15562, 17918
water, 80, 11346, 17174
water, 81, 11346, 17422
water, 80, 11346, 17670
water, 80, 11346, 17918
water, 80, 11346, 18166
water, 80, 11346, 18414
water, 81, 11346, 18662
water, 87, 11346, 18910
water, 82, 11098, 18910
water, 83, 10850, 18910
water, 83, 10602, 18910
water, 82, 10354, 18910
water, 82, 10106, 18910
water, 84, 9858, 18910
water, 80, 9858, 19158
water, 81, 9858, 19406
water, 80, 9858, 19654
water, 81, 9858, 19902
water, 81, 9858, 20150
water, 80, 9858, 20398
water, 81, 9858, 20646
water, 80, 9858, 20894
water, 81, 9858, 21142
water, 81, 9858, 21142
water, 80, 9858, 21390
water, 81, 9858, 21638
water, 80, 9858, 21886
water, 86, 9858, 22134
water, 85, 10106, 22134
water, 80, 10106, 22382
water, 81, 10106, 22630
water, 80, 10106, 22878
water, 81, 10106, 23126
water, 80, 10106, 23374
water, 81, 10106, 23622
water, 80, 10106, 23870
water, 89, 15562, 18166
water, 87, 6014, 9052
water, 80, 16988, 19716
water, 80, 16988, 19964
water, 80, 16988, 20212
water, 80, 16988, 20460
water, 80, 16988, 20708
water, 81, 16988, 20956
water, 80, 16988, 21204
water, 80, 16988, 21452
water, 81, 16988, 21700
water, 80, 16988, 21948
water, 81, 16988, 22196
water, 80, 16988, 22444
water, 81, 16988, 22692
water, 86, 16988, 22940
water, 82, 17236, 22940
water, 83, 17484, 22940
water, 85, 17732, 22940
water, 80, 17732, 23188
water, 81, 17732, 23436
water, 80, 17732, 23684
water, 81, 17732, 23932
water, 84, 16988, 19468
water, 87, 17236, 19468
water, 80, 17236, 19220
water, 81, 17236, 18972
water, 80, 17236, 18724
water, 84, 17236, 18476
water, 82, 17484, 18476
water, 82, 17732, 18476
water, 83, 17980, 18476
water, 83, 18228, 18476
water, 83, 18476, 18476
water, 82, 18724, 18476
water, 83, 18972, 18476
water, 85, 19220, 18476
water, 80, 19220, 18724
water, 80, 19220, 18972
water, 81, 19220, 19220
water, 81, 19220, 19468
water, 81, 19220, 19716
water, 81, 19220, 19964
water, 80, 19220, 20212
water, 86, 19220, 20460
water, 82, 19468, 20460
water, 83, 19716, 20460
water, 82, 19964, 20460
water, 85, 20212, 20460
water, 80, 20212, 20708
water, 80, 20212, 20956
water, 81, 20212, 21204
water, 80, 20212, 21452
water, 80, 20212, 21700
water, 80, 20212, 21948
water, 81, 20212, 22196
water, 81, 20212, 22444
water, 80, 20212, 22692
water, 81, 20212, 22940
water, 80, 20212, 23188
water, 81, 20212, 23436
water, 80, 20212, 23684
water, 81, 20212, 23932
water, 80, 18600, 0
water, 80, 18600, 248
water, 80, 18600, 496
water, 81, 18600, 744
water, 81, 18600, 992
water, 80, 18600, 1240
water, 81, 18600, 1488
water, 80, 18600, 1736
water, 80, 18600, 1984
water, 80, 18600, 2232
water, 81, 18600, 2480
water, 86, 18600, 2728
water, 85, 18848, 2728
water, 80, 18848, 2976
water, 81, 18848, 3224
water, 86, 18848, 3472
water, 85, 19096, 3472
water, 80, 19096, 3720
water, 81, 19096, 3968
water, 86, 19096, 4216
water, 82, 19344, 4216
water, 82, 19592, 4216
water, 83, 19840, 4216
water, 83, 20088, 4216
water, 83, 20336, 4216
water, 82, 20584, 4216
water, 85, 20832, 4216
water, 80, 20832, 4464
water, 80, 20832, 4712
water, 81, 20832, 4960
water, 86, 20832, 5208
water, 82, 21080, 5208
water, 83, 21328, 5208
water, 83, 21576, 5208
water, 82, 21824, 5208
water, 83, 22072, 5208
water, 82, 22320, 5208
water, 85, 22568, 5208
water, 80, 22568, 5456
water, 81, 22568, 5704
water, 80, 22568, 5952
water, 81, 22568, 6200
water, 86, 22568, 6448
water, 82, 22816, 6448
water, 83, 23064, 6448
water, 82, 23312, 6448
water, 83, 23560, 6448
water, 82, 23808, 6448
water, 84, 20894, 8370
water, 82, 21142, 8370
water, 83, 21390, 8370
water, 83, 21638, 8370
water, 82, 21886, 8370
water, 83, 22134, 8370
water, 82, 22382, 8370
water, 83, 22630, 8370
water, 82, 22878, 8370
water, 83, 23126, 8370
water, 82, 23374, 8370
water, 82, 23622, 8370
water, 83, 23870, 8370
water, 80, 20894, 8618
water, 80, 20894, 8866
water, 81, 20894, 9114
water, 81, 20894, 9362
water, 80, 20894, 9610
water, 81, 20894, 9858
water, 80, 20894, 10106
water, 80, 20894, 10354
water, 80, 20894, 10602
water, 81, 20894, 10850
water, 86, 20894, 11098
water, 82, 21142, 11098
water, 83, 21390, 11098
water, 82, 21638, 11098
water, 83, 21886, 11098
water, 85, 22134, 11098
water, 80, 22134, 11346
water, 81, 22134, 11594
water, 86, 22134, 11842
water, 82, 22382, 11842
water, 83, 22630, 11842
water, 82, 22878, 11842
water, 83, 23126, 11842
water, 82, 23374, 11842
water, 83, 23622, 11842
water, 85, 23870, 11842
water, 80, 23870, 12090
water, 81, 23870, 12338
water, 81, 23870, 12586
water, 81, 23870, 12834
water, 81, 23870, 13082
water, 81, 23870, 13330
water, 80, 23870, 13578
water, 80, 23870, 13826
water, 81, 23870, 14074
water, 80, 23870, 14322
water, 81, 23870, 14570
water, 87, 23870, 14818
water, 82, 23622, 14818
water, 84, 23374, 14818
water, 80, 23374, 15066
water, 81, 23374, 15314
water, 86, 23374, 15562
water, 82, 23622, 15562
water, 83, 23870, 15562
water, 88, 8184, 3410
water, 80, 8680, 3162
water, 81, 8680, 2914
water, 81, 8680, 2666
water, 80, 8680, 2418
water, 81, 8680, 2170
water, 81, 8680, 1922
water, 80, 8680, 1674
water, 81, 8680, 1426
water, 80, 8680, 1178
water, 81, 8680, 930
water, 81, 8680, 682
water, 84, 8680, 434
water, 87, 8928, 434
water, 80, 8928, 186
water, 80, 8928, 0

